10
10
11
0
R
True
0
I
False
0
3;4;5;6;1;5;4;3
2;2;0;0;0;2;2;2
0;0;0;0;0;0;0;0
0;0;2;0;0;0;0;0
0;0;10;2;2;0;0;0
0;0;0;0;10;0;0;0
10;10;0;10;13;10;10;10
11;12;13;14;9;0;12;11
11
4
0
4
7
0
0
0
0
0
0
10;11;1;3;3;3;4;None;None;0;0;54;
4;5;3;4;0]2;3;3;4;0]1;6;1;5;0]
3;7;0;4;0]4;0;4;1;0]4;6;5;5;0]
3;7;1;5;0]5;0;3;2;0]4;6;5;5;0]
1;6;1;4;0]2;3;1;4;0]2;7;1;6;0]
3;6;3;5;0]3;4;4;5;0]1;7;3;6;0]
4;6;5;7;0]5;0;3;2;0]6;7;5;5;0]
4;6;5;5;0]3;0;7;4;0]3;7;2;6;0]
4;6;6;4;0]3;4;4;5;0]3;6;3;4;0]
4;6;7;3;0]6;0;5;2;0]1;6;1;5;0]
5;6;5;5;0]3;4;4;5;0]4;6;3;5;0]
1;7;2;5;0]3;0;7;4;0]4;6;5;5;0]
3;7;2;6;0]3;0;7;4;0]4;6;6;4;0]
